40 0.498983 0.031915 0.987799 0.054871
3 0.499492 0.092385 0.985765 0.054871
20 0.039400 0.092385 0.046263 0.030235
20 0.275801 0.092385 0.033045 0.027996
31 0.387646 0.095745 0.184545 0.023516
25 0.156584 0.095745 0.188104 0.023516
14 0.963142 0.094065 0.032028 0.031355
14 0.974835 0.162934 0.029995 0.027996
14 0.898831 0.164054 0.039654 0.027996
14 0.939248 0.166293 0.036096 0.030235
41 0.168277 0.167413 0.319268 0.045913
41 0.615150 0.163494 0.523640 0.042553
4 0.168022 0.576708 0.320793 0.770437
4 0.672852 0.615901 0.633960 0.741321
3 0.671581 0.211086 0.633452 0.043673
41 0.168277 0.981523 0.321301 0.027996
20 0.390951 0.208287 0.070158 0.033595
31 0.533045 0.209406 0.204881 0.029115
14 0.654296 0.211646 0.030503 0.024636
20 0.707168 0.211646 0.068124 0.035834
31 0.806558 0.210526 0.118454 0.026876
25 0.926792 0.211086 0.117946 0.027996
14 0.341637 0.734043 0.014235 0.032475
