40 0.500000 0.025068 0.989664 0.033875
3 0.500323 0.123306 0.989018 0.165312
3 0.501292 0.396341 0.989664 0.380759
3 0.500323 0.789295 0.990310 0.397019
20 0.055879 0.077236 0.071705 0.032520
20 0.056848 0.124661 0.071059 0.029810
20 0.056848 0.172087 0.072351 0.043360
20 0.285207 0.125339 0.071705 0.028455
20 0.286499 0.078591 0.071705 0.035230
20 0.515827 0.077913 0.071705 0.028455
20 0.516150 0.125339 0.073643 0.031165
20 0.746447 0.081301 0.072997 0.032520
20 0.746447 0.122629 0.074289 0.033875
20 0.746124 0.172087 0.076227 0.037940
20 0.051680 0.277100 0.086563 0.044715
20 0.052649 0.329268 0.087209 0.046070
20 0.053618 0.385501 0.087855 0.044715
20 0.052326 0.440379 0.085271 0.046070
20 0.051680 0.493902 0.086563 0.047425
20 0.051034 0.543360 0.086563 0.046070
20 0.546189 0.277100 0.091085 0.044715
20 0.544897 0.333333 0.088501 0.054201
20 0.545220 0.386856 0.090439 0.042005
20 0.544897 0.437669 0.085917 0.054201
20 0.544574 0.495257 0.085271 0.058266
20 0.543605 0.547425 0.087209 0.043360
25 0.172481 0.081301 0.148579 0.029810
25 0.587855 0.077913 0.063307 0.023035
25 0.661176 0.081301 0.066537 0.029810
31 0.399871 0.079268 0.147287 0.031165
29 0.630168 0.126694 0.149225 0.031165
7 0.821705 0.080623 0.069767 0.028455
7 0.822997 0.126694 0.068475 0.028455
7 0.900194 0.126016 0.069121 0.027100
28 0.859173 0.170054 0.149871 0.028455
17 0.171189 0.125339 0.147287 0.028455
8 0.400840 0.126694 0.149225 0.025745
31 0.160853 0.170054 0.131783 0.033875
25 0.466085 0.172087 0.476098 0.032520
14 0.958979 0.172087 0.039406 0.029810
41 0.501938 0.226287 0.987080 0.029810
25 0.297158 0.281165 0.395349 0.033875
5 0.297158 0.329268 0.397933 0.043360
25 0.768411 0.276423 0.353359 0.029810
14 0.968346 0.276423 0.042636 0.029810
25 0.134690 0.386179 0.069121 0.035230
20 0.188953 0.387534 0.034238 0.032520
7 0.628230 0.385501 0.070413 0.028455
25 0.791990 0.331301 0.392765 0.036585
7 0.134044 0.436992 0.072997 0.031165
7 0.214793 0.436314 0.071705 0.032520
31 0.791667 0.436992 0.397287 0.036585
31 0.197028 0.490515 0.196382 0.032520
31 0.395995 0.493902 0.197674 0.031165
28 0.792636 0.488482 0.395349 0.031165
8 0.794251 0.544038 0.401163 0.039295
29 0.295866 0.543360 0.396641 0.035230
41 0.345930 0.609756 0.680233 0.043360
14 0.708979 0.611789 0.038114 0.039295
14 0.757429 0.608401 0.052326 0.029810
14 0.818798 0.613144 0.047158 0.031165
14 0.869509 0.612466 0.047804 0.037940
14 0.919251 0.612466 0.047804 0.029810
14 0.968992 0.608401 0.051680 0.027100
14 0.053941 0.968157 0.027778 0.042005
14 0.020672 0.966125 0.032300 0.037940
14 0.911176 0.965447 0.031654 0.039295
14 0.945736 0.966802 0.028424 0.044715
14 0.980620 0.963415 0.032300 0.035230
4 0.502584 0.793360 0.989664 0.302168
