40 0.498477 0.041166 0.990859 0.072041
3 0.493297 0.187822 0.978062 0.193825
20 0.038087 0.132933 0.055454 0.039451
20 0.038087 0.192110 0.056673 0.044597
20 0.039610 0.246141 0.057282 0.046312
20 0.271176 0.192110 0.048751 0.051458
20 0.270567 0.124357 0.051188 0.046312
20 0.501219 0.128645 0.046923 0.048027
20 0.501828 0.194683 0.051798 0.053173
20 0.730043 0.133791 0.047532 0.051458
20 0.730957 0.195540 0.045704 0.058319
20 0.731261 0.250429 0.041438 0.051458
28 0.786106 0.251286 0.060938 0.042882
25 0.154784 0.132933 0.171846 0.042882
28 0.382693 0.129503 0.173065 0.046312
25 0.557587 0.134648 0.059720 0.042882
25 0.629190 0.133791 0.062767 0.037736
20 0.592017 0.142367 0.010360 0.037736
7 0.788848 0.135506 0.066423 0.041166
7 0.788239 0.196398 0.063985 0.039451
7 0.864412 0.196398 0.063985 0.042882
20 0.825107 0.192110 0.017063 0.044597
29 0.596283 0.191252 0.131018 0.042882
8 0.379342 0.190395 0.166362 0.044597
17 0.155698 0.190395 0.173675 0.037736
31 0.129190 0.247856 0.117002 0.042882
25 0.446679 0.250429 0.513102 0.034305
14 0.952773 0.243568 0.039610 0.041166
14 0.634674 0.357633 0.037172 0.039451
14 0.591103 0.353345 0.035344 0.030875
14 0.539001 0.355918 0.049360 0.036021
14 0.490859 0.355918 0.035954 0.036021
41 0.821450 0.353345 0.329068 0.051458
42 0.234308 0.351630 0.462523 0.051458
4 0.824497 0.683533 0.326630 0.574614
3 0.327239 0.680961 0.649604 0.569468
20 0.049970 0.421955 0.080439 0.058319
20 0.049055 0.492281 0.078611 0.058319
20 0.049665 0.562607 0.078611 0.058319
20 0.050274 0.626072 0.081048 0.058319
20 0.051493 0.696398 0.078611 0.054889
20 0.048141 0.763293 0.080439 0.068611
20 0.049360 0.876501 0.081658 0.147513
20 0.372334 0.422813 0.081658 0.049743
20 0.371725 0.491424 0.079220 0.066895
20 0.371725 0.566038 0.080439 0.048027
20 0.369592 0.622642 0.077392 0.061750
20 0.370506 0.694683 0.078001 0.065180
20 0.369896 0.760720 0.078001 0.063465
14 0.626143 0.429674 0.038391 0.039451
25 0.208714 0.428816 0.226082 0.037736
25 0.511274 0.423671 0.187690 0.041166
5 0.532602 0.495712 0.229129 0.044597
5 0.208714 0.489708 0.229738 0.046312
5 0.126143 0.558319 0.063376 0.046312
20 0.181901 0.560034 0.038391 0.049743
7 0.451859 0.562607 0.066423 0.041166
31 0.531993 0.627787 0.230347 0.044597
7 0.128580 0.625214 0.063376 0.042882
7 0.204753 0.626930 0.067032 0.032590
20 0.163620 0.627787 0.009141 0.044597
31 0.149604 0.692967 0.110299 0.037736
31 0.266606 0.696398 0.113955 0.041166
28 0.439671 0.693825 0.049360 0.056604
8 0.457343 0.765866 0.085923 0.056604
29 0.158440 0.763293 0.125533 0.048027
33 0.372029 0.881647 0.550274 0.161235
