40 0.500286 0.026316 0.993707 0.044687
3 0.499142 0.115690 0.978833 0.122145
20 0.047197 0.119166 0.044050 0.025819
20 0.045767 0.081430 0.044622 0.021847
20 0.047483 0.147964 0.044622 0.023833
20 0.275458 0.119166 0.041762 0.029791
20 0.273455 0.082920 0.042334 0.026812
20 0.505721 0.080437 0.044622 0.025819
20 0.507437 0.116683 0.048055 0.026812
20 0.733982 0.080437 0.045767 0.029791
20 0.733410 0.118173 0.042334 0.029791
20 0.733982 0.152929 0.041190 0.033764
14 0.956522 0.149454 0.038902 0.024826
14 0.971682 0.261668 0.036041 0.028798
14 0.932208 0.262165 0.033753 0.029791
14 0.835812 0.261668 0.038902 0.030785
14 0.881865 0.261172 0.044050 0.021847
14 0.342677 0.262165 0.034325 0.027805
14 0.387872 0.261668 0.050343 0.020854
14 0.439645 0.263158 0.036041 0.025819
14 0.477689 0.260675 0.035469 0.018868
20 0.500000 0.197120 0.982838 0.024826
20 0.500858 0.220953 0.982265 0.022840
41 0.166190 0.262661 0.311785 0.028798
41 0.657323 0.263158 0.311213 0.031778
4 0.252288 0.636048 0.487414 0.702085
4 0.746568 0.637041 0.485126 0.700099
28 0.835812 0.150943 0.162471 0.029791
25 0.158181 0.082423 0.175629 0.021847
17 0.159611 0.117676 0.175057 0.022840
31 0.129291 0.151936 0.110984 0.025819
25 0.447082 0.149454 0.524600 0.020854
31 0.386442 0.083913 0.175629 0.024826
7 0.789188 0.083913 0.057780 0.024826
7 0.858982 0.116683 0.061213 0.024826
7 0.789760 0.118173 0.058924 0.021847
20 0.822082 0.116683 0.008009 0.018868
8 0.386442 0.116683 0.176773 0.026812
25 0.623284 0.082423 0.058924 0.025819
25 0.557208 0.080437 0.054920 0.021847
20 0.589817 0.081430 0.006865 0.015889
29 0.593249 0.118669 0.123570 0.030785
