40 0.500317 0.014484 0.999365 0.023929
3 0.500000 0.108312 0.998731 0.146096
20 0.049492 0.063602 0.071066 0.028967
20 0.049492 0.106423 0.071066 0.039043
20 0.049492 0.152393 0.069797 0.032746
20 0.282043 0.061083 0.069162 0.023929
20 0.283629 0.106423 0.071066 0.036524
20 0.516815 0.105164 0.069162 0.026448
20 0.516180 0.061713 0.071701 0.027708
20 0.748731 0.063602 0.069797 0.031486
20 0.748731 0.105793 0.072335 0.032746
20 0.748731 0.149874 0.072335 0.035264
31 0.152919 0.145466 0.129442 0.023929
17 0.166878 0.105164 0.152284 0.026448
7 0.824239 0.063602 0.071066 0.028967
7 0.823921 0.105793 0.069162 0.032746
7 0.903871 0.105164 0.074239 0.031486
20 0.862944 0.108942 0.008883 0.031486
28 0.865482 0.147985 0.153553 0.028967
29 0.631662 0.103904 0.152919 0.031486
25 0.165609 0.061083 0.152284 0.026448
31 0.398794 0.059824 0.151650 0.028967
25 0.587881 0.064232 0.062817 0.032746
25 0.659898 0.063602 0.063452 0.034005
25 0.462881 0.148615 0.490482 0.032746
20 0.622779 0.063602 0.006980 0.031486
8 0.398160 0.107053 0.152919 0.030227
14 0.969226 0.148615 0.039975 0.032746
20 0.500317 0.226071 0.999365 0.054156
41 0.177030 0.276448 0.345178 0.034005
41 0.602792 0.272040 0.191624 0.027708
41 0.603109 0.583123 0.193528 0.032746
20 0.385787 0.272670 0.065990 0.031486
14 0.721764 0.273929 0.039975 0.034005
14 0.769987 0.273929 0.053934 0.028967
14 0.829632 0.273300 0.041244 0.025189
14 0.877855 0.273929 0.045051 0.028967
14 0.927348 0.273300 0.050127 0.037783
14 0.979061 0.274559 0.040609 0.040302
14 0.977475 0.586272 0.039975 0.026448
14 0.929251 0.586902 0.047589 0.032746
14 0.878490 0.589421 0.043782 0.027708
14 0.829315 0.589421 0.048223 0.032746
14 0.769987 0.587531 0.053934 0.034005
14 0.722081 0.586272 0.034264 0.026448
4 0.754124 0.738035 0.491751 0.244332
4 0.752855 0.427582 0.494289 0.245592
4 0.250635 0.581864 0.492386 0.561713
31 0.460343 0.273300 0.075508 0.027708
14 0.015228 0.981108 0.029188 0.037783
14 0.049810 0.984887 0.024746 0.030227
14 0.919099 0.982997 0.032360 0.034005
14 0.953363 0.981108 0.028553 0.037783
14 0.986358 0.979849 0.027284 0.025189
