40 0.500809 0.083541 0.990831 0.059850
3 0.499730 0.197631 0.991909 0.150873
41 0.367314 0.310474 0.729234 0.054863
4 0.498921 0.614713 0.990291 0.536160
14 0.018878 0.978180 0.025890 0.033666
14 0.049622 0.977556 0.024811 0.032419
14 0.926106 0.978180 0.023732 0.041147
14 0.953614 0.976933 0.025890 0.036160
14 0.981661 0.977556 0.024811 0.032419
37 0.498921 0.910224 0.993528 0.047382
20 0.748112 0.316085 0.025890 0.046135
31 0.793420 0.314838 0.064725 0.031172
14 0.851942 0.317955 0.033981 0.027431
14 0.893474 0.316085 0.048004 0.031172
14 0.940399 0.314838 0.035059 0.036160
14 0.977346 0.317332 0.035599 0.038653
14 0.964671 0.240025 0.033981 0.031172
20 0.039644 0.150873 0.039374 0.032419
20 0.039644 0.198878 0.042611 0.031172
20 0.040183 0.238155 0.043689 0.029925
20 0.269957 0.153367 0.042611 0.034913
20 0.269687 0.198254 0.042071 0.037406
20 0.506203 0.153990 0.044768 0.033666
20 0.505933 0.199501 0.044229 0.032419
20 0.737325 0.152743 0.043150 0.033666
20 0.737325 0.197007 0.045307 0.027431
20 0.736785 0.239401 0.044229 0.027431
25 0.153452 0.155237 0.185005 0.036160
17 0.153452 0.195761 0.181769 0.032419
31 0.116775 0.241895 0.106257 0.032419
25 0.442017 0.238155 0.538835 0.029925
8 0.322276 0.196384 0.063107 0.033666
31 0.384574 0.153990 0.181230 0.026185
25 0.556365 0.155860 0.053398 0.029925
20 0.587648 0.156484 0.007012 0.028678
25 0.618932 0.153367 0.053398 0.027431
29 0.589266 0.198878 0.118123 0.031172
