40 0.500376 0.027453 0.993238 0.052570
3 0.500751 0.092874 0.998497 0.068925
20 0.022915 0.075350 0.021788 0.026869
20 0.022164 0.113902 0.021788 0.033879
20 0.320436 0.077687 0.053343 0.029206
20 0.321563 0.111565 0.052592 0.029206
20 0.620210 0.075350 0.024793 0.026869
20 0.620210 0.112150 0.026296 0.028037
14 0.925620 0.108645 0.049587 0.023364
14 0.972577 0.108645 0.041322 0.025701
14 0.974831 0.195093 0.039820 0.023364
14 0.924869 0.193925 0.046582 0.021028
20 0.023291 0.196846 0.021037 0.022196
41 0.501127 0.155958 0.988730 0.033879
41 0.500751 0.234229 0.984974 0.036215
4 0.502254 0.595794 0.987979 0.675234
14 0.031180 0.967874 0.038317 0.036215
14 0.076258 0.969042 0.038317 0.038551
14 0.797521 0.967874 0.039820 0.029206
14 0.845229 0.966121 0.042074 0.030374
14 0.887678 0.969042 0.036814 0.031542
14 0.930879 0.965537 0.036063 0.031542
14 0.975582 0.966706 0.039820 0.031542
25 0.164538 0.075935 0.252442 0.023364
25 0.097295 0.107477 0.114951 0.028037
25 0.230278 0.110397 0.119459 0.031542
20 0.162660 0.110981 0.009767 0.032710
7 0.475207 0.075350 0.256198 0.029206
7 0.544703 0.109813 0.120210 0.023364
7 0.409842 0.108061 0.114951 0.031542
20 0.477461 0.110397 0.014275 0.019860
31 0.762585 0.072430 0.262960 0.025701
31 0.678813 0.109813 0.086401 0.023364
17 0.811796 0.115654 0.169046 0.030374
31 0.072878 0.195678 0.072126 0.029206
17 0.186702 0.197430 0.143501 0.028037
